00000000 0D000200 00000000 00000000 00000000 00000000 00000000 00000000 00000000 00000000 00000000 00000000 00000000 00000000 00000000 00000000 00000000 00000000
00000001 C3000100 00000000 00000000 00000000 00000000 00000000 00000000 00000000 00000000 00000000 00000000 00000000 00000000 00000000 00000200 00000000 00000000
00000002 C4000101 00000000 00000000 00000000 00000005 00000000 00000000 00000000 00000000 00000000 00000000 00000000 00000000 00000000 00000200 00000000 00000000
00000003 B0000006 00000000 00000000 00000000 00000005 00000002 00000000 00000000 00000000 00000000 00000000 00000000 00000000 00000000 00000200 00000000 00000000
00000006 1DD00004 00000000 00000000 00000000 00000005 00000002 00000000 00000000 00000000 00000000 00000000 00000000 00000000 00000000 00000200 00000000 00000004
00000007 D9D00003 00000000 00000000 00000000 00000005 00000002 00000000 00000000 00000000 00000000 00000000 00000000 00000000 00000000 000001FC 00000000 00000004
00000008 DFD00002 00000000 00000000 00000000 00000005 00000002 00000000 00000000 00000000 00000000 00000000 00000000 00000000 00000000 000001FC 00000000 00000004
00000009 D4D00001 00000000 00000000 00000000 00000005 00000002 00000000 00000000 00000000 00000000 00000000 00000000 00000000 00000000 000001FC 00000000 00000004
0000000A D3D00000 00000000 00000000 00000000 00000005 00000002 00000000 00000000 00000000 00000000 00000000 00000000 00000000 00000000 000001FC 00000000 00000004
0000000B 7040001B 00000000 00000000 00000000 00000005 00000002 00000000 00000000 00000000 00000000 00000000 00000000 00000000 00000000 000001FC 00000000 00000004
0000000C 7034001B 00000000 00000000 00000000 00000005 00000002 00000000 00000000 00000000 00000000 00000000 00000000 00000000 00000000 000001FC 00000000 00000004
0000000D 13300001 00000000 00000000 00000000 00000005 00000002 00000000 00000000 00000000 00000000 00000000 00000000 00000000 00000000 000001FC 00000000 00000004
0000000E 14400001 00000000 00000000 00000000 00000004 00000002 00000000 00000000 00000000 00000000 00000000 00000000 00000000 00000000 000001FC 00000000 00000004
0000000F B0000006 00000000 00000000 00000000 00000004 00000001 00000000 00000000 00000000 00000000 00000000 00000000 00000000 00000000 000001FC 00000000 00000004
00000006 1DD00004 00000000 00000000 00000000 00000004 00000001 00000000 00000000 00000000 00000000 00000000 00000000 00000000 00000000 000001FC 00000000 00000010
00000007 D9D00003 00000000 00000000 00000000 00000004 00000001 00000000 00000000 00000000 00000000 00000000 00000000 00000000 00000000 000001F8 00000000 00000010
00000008 DFD00002 00000000 00000000 00000000 00000004 00000001 00000000 00000000 00000000 00000000 00000000 00000000 00000000 00000000 000001F8 00000000 00000010
00000009 D4D00001 00000000 00000000 00000000 00000004 00000001 00000000 00000000 00000000 00000000 00000000 00000000 00000000 00000000 000001F8 00000000 00000010
0000000A D3D00000 00000000 00000000 00000000 00000004 00000001 00000000 00000000 00000000 00000000 00000000 00000000 00000000 00000000 000001F8 00000000 00000010
0000000B 7040001B 00000000 00000000 00000000 00000004 00000001 00000000 00000000 00000000 00000000 00000000 00000000 00000000 00000000 000001F8 00000000 00000010
0000000C 7034001B 00000000 00000000 00000000 00000004 00000001 00000000 00000000 00000000 00000000 00000000 00000000 00000000 00000000 000001F8 00000000 00000010
0000000D 13300001 00000000 00000000 00000000 00000004 00000001 00000000 00000000 00000000 00000000 00000000 00000000 00000000 00000000 000001F8 00000000 00000010
0000000E 14400001 00000000 00000000 00000000 00000003 00000001 00000000 00000000 00000000 00000000 00000000 00000000 00000000 00000000 000001F8 00000000 00000010
0000000F B0000006 00000000 00000000 00000000 00000003 00000000 00000000 00000000 00000000 00000000 00000000 00000000 00000000 00000000 000001F8 00000000 00000010
00000006 1DD00004 00000000 00000000 00000000 00000003 00000000 00000000 00000000 00000000 00000000 00000000 00000000 00000000 00000000 000001F8 00000000 00000010
00000007 D9D00003 00000000 00000000 00000000 00000003 00000000 00000000 00000000 00000000 00000000 00000000 00000000 00000000 00000000 000001F4 00000000 00000010
00000008 DFD00002 00000000 00000000 00000000 00000003 00000000 00000000 00000000 00000000 00000000 00000000 00000000 00000000 00000000 000001F4 00000000 00000010
00000009 D4D00001 00000000 00000000 00000000 00000003 00000000 00000000 00000000 00000000 00000000 00000000 00000000 00000000 00000000 000001F4 00000000 00000010
0000000A D3D00000 00000000 00000000 00000000 00000003 00000000 00000000 00000000 00000000 00000000 00000000 00000000 00000000 00000000 000001F4 00000000 00000010
0000000B 7040001B 00000000 00000000 00000000 00000003 00000000 00000000 00000000 00000000 00000000 00000000 00000000 00000000 00000000 000001F4 00000000 00000010
0000001B 02000001 00000000 00000000 00000000 00000003 00000000 00000000 00000000 00000000 00000000 00000000 00000000 00000000 00000000 000001F4 00000000 00000010
0000001C B0000014 00000000 00000000 00000001 00000003 00000000 00000000 00000000 00000000 00000000 00000000 00000000 00000000 00000000 000001F4 00000000 00000010
00000014 C3D00000 00000000 00000000 00000001 00000003 00000000 00000000 00000000 00000000 00000000 00000000 00000000 00000000 00000000 000001F4 00000000 0000001D
00000015 C4D00001 00000000 00000000 00000001 00000003 00000000 00000000 00000000 00000000 00000000 00000000 00000000 00000000 00000000 000001F4 00000000 0000001D
00000016 CFD00002 00000000 00000000 00000001 00000003 00000000 00000000 00000000 00000000 00000000 00000000 00000000 00000000 00000000 000001F4 00000000 0000001D
00000017 C9D00003 00000000 00000000 00000001 00000003 00000000 00000000 00000000 00000000 00000000 00000000 00000000 00000000 00000000 000001F4 00000000 00000010
00000018 0DD00004 00000000 00000000 00000001 00000003 00000000 00000000 00000000 00000000 00000000 00000000 00000000 00000000 00000000 000001F4 00000000 00000010
00000019 D2000102 00000000 00000000 00000001 00000003 00000000 00000000 00000000 00000000 00000000 00000000 00000000 00000000 00000000 000001F8 00000000 00000010
0000001A EF000000 00000000 00000000 00000001 00000003 00000000 00000000 00000000 00000000 00000000 00000000 00000000 00000000 00000000 000001F8 00000000 00000010
00000010 09200000 00000000 00000000 00000001 00000003 00000000 00000000 00000000 00000000 00000000 00000000 00000000 00000000 00000000 000001F8 00000000 00000010
00000011 04400001 00000000 00000000 00000001 00000003 00000000 00000000 00000000 00000000 00000000 00000001 00000000 00000000 00000000 000001F8 00000000 00000010
00000012 B0000006 00000000 00000000 00000001 00000003 00000001 00000000 00000000 00000000 00000000 00000001 00000000 00000000 00000000 000001F8 00000000 00000010
00000006 1DD00004 00000000 00000000 00000001 00000003 00000001 00000000 00000000 00000000 00000000 00000001 00000000 00000000 00000000 000001F8 00000000 00000013
00000007 D9D00003 00000000 00000000 00000001 00000003 00000001 00000000 00000000 00000000 00000000 00000001 00000000 00000000 00000000 000001F4 00000000 00000013
00000008 DFD00002 00000000 00000000 00000001 00000003 00000001 00000000 00000000 00000000 00000000 00000001 00000000 00000000 00000000 000001F4 00000000 00000013
00000009 D4D00001 00000000 00000000 00000001 00000003 00000001 00000000 00000000 00000000 00000000 00000001 00000000 00000000 00000000 000001F4 00000000 00000013
0000000A D3D00000 00000000 00000000 00000001 00000003 00000001 00000000 00000000 00000000 00000000 00000001 00000000 00000000 00000000 000001F4 00000000 00000013
0000000B 7040001B 00000000 00000000 00000001 00000003 00000001 00000000 00000000 00000000 00000000 00000001 00000000 00000000 00000000 000001F4 00000000 00000013
0000000C 7034001B 00000000 00000000 00000001 00000003 00000001 00000000 00000000 00000000 00000000 00000001 00000000 00000000 00000000 000001F4 00000000 00000013
0000000D 13300001 00000000 00000000 00000001 00000003 00000001 00000000 00000000 00000000 00000000 00000001 00000000 00000000 00000000 000001F4 00000000 00000013
0000000E 14400001 00000000 00000000 00000001 00000002 00000001 00000000 00000000 00000000 00000000 00000001 00000000 00000000 00000000 000001F4 00000000 00000013
0000000F B0000006 00000000 00000000 00000001 00000002 00000000 00000000 00000000 00000000 00000000 00000001 00000000 00000000 00000000 000001F4 00000000 00000013
00000006 1DD00004 00000000 00000000 00000001 00000002 00000000 00000000 00000000 00000000 00000000 00000001 00000000 00000000 00000000 000001F4 00000000 00000010
00000007 D9D00003 00000000 00000000 00000001 00000002 00000000 00000000 00000000 00000000 00000000 00000001 00000000 00000000 00000000 000001F0 00000000 00000010
00000008 DFD00002 00000000 00000000 00000001 00000002 00000000 00000000 00000000 00000000 00000000 00000001 00000000 00000000 00000000 000001F0 00000000 00000010
00000009 D4D00001 00000000 00000000 00000001 00000002 00000000 00000000 00000000 00000000 00000000 00000001 00000000 00000000 00000000 000001F0 00000000 00000010
0000000A D3D00000 00000000 00000000 00000001 00000002 00000000 00000000 00000000 00000000 00000000 00000001 00000000 00000000 00000000 000001F0 00000000 00000010
0000000B 7040001B 00000000 00000000 00000001 00000002 00000000 00000000 00000000 00000000 00000000 00000001 00000000 00000000 00000000 000001F0 00000000 00000010
0000001B 02000001 00000000 00000000 00000001 00000002 00000000 00000000 00000000 00000000 00000000 00000001 00000000 00000000 00000000 000001F0 00000000 00000010
0000001C B0000014 00000000 00000000 00000001 00000002 00000000 00000000 00000000 00000000 00000000 00000001 00000000 00000000 00000000 000001F0 00000000 00000010
00000014 C3D00000 00000000 00000000 00000001 00000002 00000000 00000000 00000000 00000000 00000000 00000001 00000000 00000000 00000000 000001F0 00000000 0000001D
00000015 C4D00001 00000000 00000000 00000001 00000002 00000000 00000000 00000000 00000000 00000000 00000001 00000000 00000000 00000000 000001F0 00000000 0000001D
00000016 CFD00002 00000000 00000000 00000001 00000002 00000000 00000000 00000000 00000000 00000000 00000001 00000000 00000000 00000000 000001F0 00000000 0000001D
00000017 C9D00003 00000000 00000000 00000001 00000002 00000000 00000000 00000000 00000000 00000000 00000001 00000000 00000000 00000000 000001F0 00000000 00000010
00000018 0DD00004 00000000 00000000 00000001 00000002 00000000 00000000 00000000 00000000 00000000 00000001 00000000 00000000 00000000 000001F0 00000000 00000010
00000019 D2000102 00000000 00000000 00000001 00000002 00000000 00000000 00000000 00000000 00000000 00000001 00000000 00000000 00000000 000001F4 00000000 00000010
0000001A EF000000 00000000 00000000 00000001 00000002 00000000 00000000 00000000 00000000 00000000 00000001 00000000 00000000 00000000 000001F4 00000000 00000010
00000010 09200000 00000000 00000000 00000001 00000002 00000000 00000000 00000000 00000000 00000000 00000001 00000000 00000000 00000000 000001F4 00000000 00000010
00000011 04400001 00000000 00000000 00000001 00000002 00000000 00000000 00000000 00000000 00000000 00000001 00000000 00000000 00000000 000001F4 00000000 00000010
00000012 B0000006 00000000 00000000 00000001 00000002 00000001 00000000 00000000 00000000 00000000 00000001 00000000 00000000 00000000 000001F4 00000000 00000010
00000006 1DD00004 00000000 00000000 00000001 00000002 00000001 00000000 00000000 00000000 00000000 00000001 00000000 00000000 00000000 000001F4 00000000 00000013
00000007 D9D00003 00000000 00000000 00000001 00000002 00000001 00000000 00000000 00000000 00000000 00000001 00000000 00000000 00000000 000001F0 00000000 00000013
00000008 DFD00002 00000000 00000000 00000001 00000002 00000001 00000000 00000000 00000000 00000000 00000001 00000000 00000000 00000000 000001F0 00000000 00000013
00000009 D4D00001 00000000 00000000 00000001 00000002 00000001 00000000 00000000 00000000 00000000 00000001 00000000 00000000 00000000 000001F0 00000000 00000013
0000000A D3D00000 00000000 00000000 00000001 00000002 00000001 00000000 00000000 00000000 00000000 00000001 00000000 00000000 00000000 000001F0 00000000 00000013
0000000B 7040001B 00000000 00000000 00000001 00000002 00000001 00000000 00000000 00000000 00000000 00000001 00000000 00000000 00000000 000001F0 00000000 00000013
0000000C 7034001B 00000000 00000000 00000001 00000002 00000001 00000000 00000000 00000000 00000000 00000001 00000000 00000000 00000000 000001F0 00000000 00000013
0000000D 13300001 00000000 00000000 00000001 00000002 00000001 00000000 00000000 00000000 00000000 00000001 00000000 00000000 00000000 000001F0 00000000 00000013
0000000E 14400001 00000000 00000000 00000001 00000001 00000001 00000000 00000000 00000000 00000000 00000001 00000000 00000000 00000000 000001F0 00000000 00000013
0000000F B0000006 00000000 00000000 00000001 00000001 00000000 00000000 00000000 00000000 00000000 00000001 00000000 00000000 00000000 000001F0 00000000 00000013
00000006 1DD00004 00000000 00000000 00000001 00000001 00000000 00000000 00000000 00000000 00000000 00000001 00000000 00000000 00000000 000001F0 00000000 00000010
00000007 D9D00003 00000000 00000000 00000001 00000001 00000000 00000000 00000000 00000000 00000000 00000001 00000000 00000000 00000000 000001EC 00000000 00000010
00000008 DFD00002 00000000 00000000 00000001 00000001 00000000 00000000 00000000 00000000 00000000 00000001 00000000 00000000 00000000 000001EC 00000000 00000010
00000009 D4D00001 00000000 00000000 00000001 00000001 00000000 00000000 00000000 00000000 00000000 00000001 00000000 00000000 00000000 000001EC 00000000 00000010
0000000A D3D00000 00000000 00000000 00000001 00000001 00000000 00000000 00000000 00000000 00000000 00000001 00000000 00000000 00000000 000001EC 00000000 00000010
0000000B 7040001B 00000000 00000000 00000001 00000001 00000000 00000000 00000000 00000000 00000000 00000001 00000000 00000000 00000000 000001EC 00000000 00000010
0000001B 02000001 00000000 00000000 00000001 00000001 00000000 00000000 00000000 00000000 00000000 00000001 00000000 00000000 00000000 000001EC 00000000 00000010
0000001C B0000014 00000000 00000000 00000001 00000001 00000000 00000000 00000000 00000000 00000000 00000001 00000000 00000000 00000000 000001EC 00000000 00000010
00000014 C3D00000 00000000 00000000 00000001 00000001 00000000 00000000 00000000 00000000 00000000 00000001 00000000 00000000 00000000 000001EC 00000000 0000001D
00000015 C4D00001 00000000 00000000 00000001 00000001 00000000 00000000 00000000 00000000 00000000 00000001 00000000 00000000 00000000 000001EC 00000000 0000001D
00000016 CFD00002 00000000 00000000 00000001 00000001 00000000 00000000 00000000 00000000 00000000 00000001 00000000 00000000 00000000 000001EC 00000000 0000001D
00000017 C9D00003 00000000 00000000 00000001 00000001 00000000 00000000 00000000 00000000 00000000 00000001 00000000 00000000 00000000 000001EC 00000000 00000010
00000018 0DD00004 00000000 00000000 00000001 00000001 00000000 00000000 00000000 00000000 00000000 00000001 00000000 00000000 00000000 000001EC 00000000 00000010
00000019 D2000102 00000000 00000000 00000001 00000001 00000000 00000000 00000000 00000000 00000000 00000001 00000000 00000000 00000000 000001F0 00000000 00000010
0000001A EF000000 00000000 00000000 00000001 00000001 00000000 00000000 00000000 00000000 00000000 00000001 00000000 00000000 00000000 000001F0 00000000 00000010
00000010 09200000 00000000 00000000 00000001 00000001 00000000 00000000 00000000 00000000 00000000 00000001 00000000 00000000 00000000 000001F0 00000000 00000010
00000011 04400001 00000000 00000000 00000001 00000001 00000000 00000000 00000000 00000000 00000000 00000001 00000000 00000000 00000000 000001F0 00000000 00000010
00000012 B0000006 00000000 00000000 00000001 00000001 00000001 00000000 00000000 00000000 00000000 00000001 00000000 00000000 00000000 000001F0 00000000 00000010
00000006 1DD00004 00000000 00000000 00000001 00000001 00000001 00000000 00000000 00000000 00000000 00000001 00000000 00000000 00000000 000001F0 00000000 00000013
00000007 D9D00003 00000000 00000000 00000001 00000001 00000001 00000000 00000000 00000000 00000000 00000001 00000000 00000000 00000000 000001EC 00000000 00000013
00000008 DFD00002 00000000 00000000 00000001 00000001 00000001 00000000 00000000 00000000 00000000 00000001 00000000 00000000 00000000 000001EC 00000000 00000013
00000009 D4D00001 00000000 00000000 00000001 00000001 00000001 00000000 00000000 00000000 00000000 00000001 00000000 00000000 00000000 000001EC 00000000 00000013
0000000A D3D00000 00000000 00000000 00000001 00000001 00000001 00000000 00000000 00000000 00000000 00000001 00000000 00000000 00000000 000001EC 00000000 00000013
0000000B 7040001B 00000000 00000000 00000001 00000001 00000001 00000000 00000000 00000000 00000000 00000001 00000000 00000000 00000000 000001EC 00000000 00000013
0000000C 7034001B 00000000 00000000 00000001 00000001 00000001 00000000 00000000 00000000 00000000 00000001 00000000 00000000 00000000 000001EC 00000000 00000013
0000001B 02000001 00000000 00000000 00000001 00000001 00000001 00000000 00000000 00000000 00000000 00000001 00000000 00000000 00000000 000001EC 00000000 00000013
0000001C B0000014 00000000 00000000 00000001 00000001 00000001 00000000 00000000 00000000 00000000 00000001 00000000 00000000 00000000 000001EC 00000000 00000013
00000014 C3D00000 00000000 00000000 00000001 00000001 00000001 00000000 00000000 00000000 00000000 00000001 00000000 00000000 00000000 000001EC 00000000 0000001D
00000015 C4D00001 00000000 00000000 00000001 00000001 00000001 00000000 00000000 00000000 00000000 00000001 00000000 00000000 00000000 000001EC 00000000 0000001D
00000016 CFD00002 00000000 00000000 00000001 00000001 00000001 00000000 00000000 00000000 00000000 00000001 00000000 00000000 00000000 000001EC 00000000 0000001D
00000017 C9D00003 00000000 00000000 00000001 00000001 00000001 00000000 00000000 00000000 00000000 00000001 00000000 00000000 00000000 000001EC 00000000 00000013
00000018 0DD00004 00000000 00000000 00000001 00000001 00000001 00000000 00000000 00000000 00000000 00000001 00000000 00000000 00000000 000001EC 00000000 00000013
00000019 D2000102 00000000 00000000 00000001 00000001 00000001 00000000 00000000 00000000 00000000 00000001 00000000 00000000 00000000 000001F0 00000000 00000013
0000001A EF000000 00000000 00000000 00000001 00000001 00000001 00000000 00000000 00000000 00000000 00000001 00000000 00000000 00000000 000001F0 00000000 00000013
00000013 02290000 00000000 00000000 00000001 00000001 00000001 00000000 00000000 00000000 00000000 00000001 00000000 00000000 00000000 000001F0 00000000 00000013
00000014 C3D00000 00000000 00000000 00000002 00000001 00000001 00000000 00000000 00000000 00000000 00000001 00000000 00000000 00000000 000001F0 00000000 00000013
00000015 C4D00001 00000000 00000000 00000002 00000002 00000001 00000000 00000000 00000000 00000000 00000001 00000000 00000000 00000000 000001F0 00000000 00000013
00000016 CFD00002 00000000 00000000 00000002 00000002 00000001 00000000 00000000 00000000 00000000 00000001 00000000 00000000 00000000 000001F0 00000000 00000013
00000017 C9D00003 00000000 00000000 00000002 00000002 00000001 00000000 00000000 00000000 00000000 00000001 00000000 00000000 00000000 000001F0 00000000 00000013
00000018 0DD00004 00000000 00000000 00000002 00000002 00000001 00000000 00000000 00000000 00000000 00000001 00000000 00000000 00000000 000001F0 00000000 00000013
00000019 D2000102 00000000 00000000 00000002 00000002 00000001 00000000 00000000 00000000 00000000 00000001 00000000 00000000 00000000 000001F4 00000000 00000013
0000001A EF000000 00000000 00000000 00000002 00000002 00000001 00000000 00000000 00000000 00000000 00000001 00000000 00000000 00000000 000001F4 00000000 00000013
00000013 02290000 00000000 00000000 00000002 00000002 00000001 00000000 00000000 00000000 00000000 00000001 00000000 00000000 00000000 000001F4 00000000 00000013
00000014 C3D00000 00000000 00000000 00000003 00000002 00000001 00000000 00000000 00000000 00000000 00000001 00000000 00000000 00000000 000001F4 00000000 00000013
00000015 C4D00001 00000000 00000000 00000003 00000003 00000001 00000000 00000000 00000000 00000000 00000001 00000000 00000000 00000000 000001F4 00000000 00000013
00000016 CFD00002 00000000 00000000 00000003 00000003 00000001 00000000 00000000 00000000 00000000 00000001 00000000 00000000 00000000 000001F4 00000000 00000013
00000017 C9D00003 00000000 00000000 00000003 00000003 00000001 00000000 00000000 00000000 00000000 00000001 00000000 00000000 00000000 000001F4 00000000 00000013
00000018 0DD00004 00000000 00000000 00000003 00000003 00000001 00000000 00000000 00000000 00000000 00000001 00000000 00000000 00000000 000001F4 00000000 00000013
00000019 D2000102 00000000 00000000 00000003 00000003 00000001 00000000 00000000 00000000 00000000 00000001 00000000 00000000 00000000 000001F8 00000000 00000013
0000001A EF000000 00000000 00000000 00000003 00000003 00000001 00000000 00000000 00000000 00000000 00000001 00000000 00000000 00000000 000001F8 00000000 00000013
00000013 02290000 00000000 00000000 00000003 00000003 00000001 00000000 00000000 00000000 00000000 00000001 00000000 00000000 00000000 000001F8 00000000 00000013
00000014 C3D00000 00000000 00000000 00000004 00000003 00000001 00000000 00000000 00000000 00000000 00000001 00000000 00000000 00000000 000001F8 00000000 00000013
00000015 C4D00001 00000000 00000000 00000004 00000004 00000001 00000000 00000000 00000000 00000000 00000001 00000000 00000000 00000000 000001F8 00000000 00000013
00000016 CFD00002 00000000 00000000 00000004 00000004 00000001 00000000 00000000 00000000 00000000 00000001 00000000 00000000 00000000 000001F8 00000000 00000013
00000017 C9D00003 00000000 00000000 00000004 00000004 00000001 00000000 00000000 00000000 00000000 00000001 00000000 00000000 00000000 000001F8 00000000 00000010
00000018 0DD00004 00000000 00000000 00000004 00000004 00000001 00000000 00000000 00000000 00000000 00000000 00000000 00000000 00000000 000001F8 00000000 00000010
00000019 D2000102 00000000 00000000 00000004 00000004 00000001 00000000 00000000 00000000 00000000 00000000 00000000 00000000 00000000 000001FC 00000000 00000010
0000001A EF000000 00000000 00000000 00000004 00000004 00000001 00000000 00000000 00000000 00000000 00000000 00000000 00000000 00000000 000001FC 00000000 00000010
00000010 09200000 00000000 00000000 00000004 00000004 00000001 00000000 00000000 00000000 00000000 00000000 00000000 00000000 00000000 000001FC 00000000 00000010
00000011 04400001 00000000 00000000 00000004 00000004 00000001 00000000 00000000 00000000 00000000 00000004 00000000 00000000 00000000 000001FC 00000000 00000010
00000012 B0000006 00000000 00000000 00000004 00000004 00000002 00000000 00000000 00000000 00000000 00000004 00000000 00000000 00000000 000001FC 00000000 00000010
00000006 1DD00004 00000000 00000000 00000004 00000004 00000002 00000000 00000000 00000000 00000000 00000004 00000000 00000000 00000000 000001FC 00000000 00000013
00000007 D9D00003 00000000 00000000 00000004 00000004 00000002 00000000 00000000 00000000 00000000 00000004 00000000 00000000 00000000 000001F8 00000000 00000013
00000008 DFD00002 00000000 00000000 00000004 00000004 00000002 00000000 00000000 00000000 00000000 00000004 00000000 00000000 00000000 000001F8 00000000 00000013
00000009 D4D00001 00000000 00000000 00000004 00000004 00000002 00000000 00000000 00000000 00000000 00000004 00000000 00000000 00000000 000001F8 00000000 00000013
0000000A D3D00000 00000000 00000000 00000004 00000004 00000002 00000000 00000000 00000000 00000000 00000004 00000000 00000000 00000000 000001F8 00000000 00000013
0000000B 7040001B 00000000 00000000 00000004 00000004 00000002 00000000 00000000 00000000 00000000 00000004 00000000 00000000 00000000 000001F8 00000000 00000013
0000000C 7034001B 00000000 00000000 00000004 00000004 00000002 00000000 00000000 00000000 00000000 00000004 00000000 00000000 00000000 000001F8 00000000 00000013
0000000D 13300001 00000000 00000000 00000004 00000004 00000002 00000000 00000000 00000000 00000000 00000004 00000000 00000000 00000000 000001F8 00000000 00000013
0000000E 14400001 00000000 00000000 00000004 00000003 00000002 00000000 00000000 00000000 00000000 00000004 00000000 00000000 00000000 000001F8 00000000 00000013
0000000F B0000006 00000000 00000000 00000004 00000003 00000001 00000000 00000000 00000000 00000000 00000004 00000000 00000000 00000000 000001F8 00000000 00000013
00000006 1DD00004 00000000 00000000 00000004 00000003 00000001 00000000 00000000 00000000 00000000 00000004 00000000 00000000 00000000 000001F8 00000000 00000010
00000007 D9D00003 00000000 00000000 00000004 00000003 00000001 00000000 00000000 00000000 00000000 00000004 00000000 00000000 00000000 000001F4 00000000 00000010
00000008 DFD00002 00000000 00000000 00000004 00000003 00000001 00000000 00000000 00000000 00000000 00000004 00000000 00000000 00000000 000001F4 00000000 00000010
00000009 D4D00001 00000000 00000000 00000004 00000003 00000001 00000000 00000000 00000000 00000000 00000004 00000000 00000000 00000000 000001F4 00000000 00000010
0000000A D3D00000 00000000 00000000 00000004 00000003 00000001 00000000 00000000 00000000 00000000 00000004 00000000 00000000 00000000 000001F4 00000000 00000010
0000000B 7040001B 00000000 00000000 00000004 00000003 00000001 00000000 00000000 00000000 00000000 00000004 00000000 00000000 00000000 000001F4 00000000 00000010
0000000C 7034001B 00000000 00000000 00000004 00000003 00000001 00000000 00000000 00000000 00000000 00000004 00000000 00000000 00000000 000001F4 00000000 00000010
0000000D 13300001 00000000 00000000 00000004 00000003 00000001 00000000 00000000 00000000 00000000 00000004 00000000 00000000 00000000 000001F4 00000000 00000010
0000000E 14400001 00000000 00000000 00000004 00000002 00000001 00000000 00000000 00000000 00000000 00000004 00000000 00000000 00000000 000001F4 00000000 00000010
0000000F B0000006 00000000 00000000 00000004 00000002 00000000 00000000 00000000 00000000 00000000 00000004 00000000 00000000 00000000 000001F4 00000000 00000010
00000006 1DD00004 00000000 00000000 00000004 00000002 00000000 00000000 00000000 00000000 00000000 00000004 00000000 00000000 00000000 000001F4 00000000 00000010
00000007 D9D00003 00000000 00000000 00000004 00000002 00000000 00000000 00000000 00000000 00000000 00000004 00000000 00000000 00000000 000001F0 00000000 00000010
00000008 DFD00002 00000000 00000000 00000004 00000002 00000000 00000000 00000000 00000000 00000000 00000004 00000000 00000000 00000000 000001F0 00000000 00000010
00000009 D4D00001 00000000 00000000 00000004 00000002 00000000 00000000 00000000 00000000 00000000 00000004 00000000 00000000 00000000 000001F0 00000000 00000010
0000000A D3D00000 00000000 00000000 00000004 00000002 00000000 00000000 00000000 00000000 00000000 00000004 00000000 00000000 00000000 000001F0 00000000 00000010
0000000B 7040001B 00000000 00000000 00000004 00000002 00000000 00000000 00000000 00000000 00000000 00000004 00000000 00000000 00000000 000001F0 00000000 00000010
0000001B 02000001 00000000 00000000 00000004 00000002 00000000 00000000 00000000 00000000 00000000 00000004 00000000 00000000 00000000 000001F0 00000000 00000010
0000001C B0000014 00000000 00000000 00000001 00000002 00000000 00000000 00000000 00000000 00000000 00000004 00000000 00000000 00000000 000001F0 00000000 00000010
00000014 C3D00000 00000000 00000000 00000001 00000002 00000000 00000000 00000000 00000000 00000000 00000004 00000000 00000000 00000000 000001F0 00000000 0000001D
00000015 C4D00001 00000000 00000000 00000001 00000002 00000000 00000000 00000000 00000000 00000000 00000004 00000000 00000000 00000000 000001F0 00000000 0000001D
00000016 CFD00002 00000000 00000000 00000001 00000002 00000000 00000000 00000000 00000000 00000000 00000004 00000000 00000000 00000000 000001F0 00000000 0000001D
00000017 C9D00003 00000000 00000000 00000001 00000002 00000000 00000000 00000000 00000000 00000000 00000004 00000000 00000000 00000000 000001F0 00000000 00000010
00000018 0DD00004 00000000 00000000 00000001 00000002 00000000 00000000 00000000 00000000 00000000 00000004 00000000 00000000 00000000 000001F0 00000000 00000010
00000019 D2000102 00000000 00000000 00000001 00000002 00000000 00000000 00000000 00000000 00000000 00000004 00000000 00000000 00000000 000001F4 00000000 00000010
0000001A EF000000 00000000 00000000 00000001 00000002 00000000 00000000 00000000 00000000 00000000 00000004 00000000 00000000 00000000 000001F4 00000000 00000010
00000010 09200000 00000000 00000000 00000001 00000002 00000000 00000000 00000000 00000000 00000000 00000004 00000000 00000000 00000000 000001F4 00000000 00000010
00000011 04400001 00000000 00000000 00000001 00000002 00000000 00000000 00000000 00000000 00000000 00000001 00000000 00000000 00000000 000001F4 00000000 00000010
00000012 B0000006 00000000 00000000 00000001 00000002 00000001 00000000 00000000 00000000 00000000 00000001 00000000 00000000 00000000 000001F4 00000000 00000010
00000006 1DD00004 00000000 00000000 00000001 00000002 00000001 00000000 00000000 00000000 00000000 00000001 00000000 00000000 00000000 000001F4 00000000 00000013
00000007 D9D00003 00000000 00000000 00000001 00000002 00000001 00000000 00000000 00000000 00000000 00000001 00000000 00000000 00000000 000001F0 00000000 00000013
00000008 DFD00002 00000000 00000000 00000001 00000002 00000001 00000000 00000000 00000000 00000000 00000001 00000000 00000000 00000000 000001F0 00000000 00000013
00000009 D4D00001 00000000 00000000 00000001 00000002 00000001 00000000 00000000 00000000 00000000 00000001 00000000 00000000 00000000 000001F0 00000000 00000013
0000000A D3D00000 00000000 00000000 00000001 00000002 00000001 00000000 00000000 00000000 00000000 00000001 00000000 00000000 00000000 000001F0 00000000 00000013
0000000B 7040001B 00000000 00000000 00000001 00000002 00000001 00000000 00000000 00000000 00000000 00000001 00000000 00000000 00000000 000001F0 00000000 00000013
0000000C 7034001B 00000000 00000000 00000001 00000002 00000001 00000000 00000000 00000000 00000000 00000001 00000000 00000000 00000000 000001F0 00000000 00000013
0000000D 13300001 00000000 00000000 00000001 00000002 00000001 00000000 00000000 00000000 00000000 00000001 00000000 00000000 00000000 000001F0 00000000 00000013
0000000E 14400001 00000000 00000000 00000001 00000001 00000001 00000000 00000000 00000000 00000000 00000001 00000000 00000000 00000000 000001F0 00000000 00000013
0000000F B0000006 00000000 00000000 00000001 00000001 00000000 00000000 00000000 00000000 00000000 00000001 00000000 00000000 00000000 000001F0 00000000 00000013
00000006 1DD00004 00000000 00000000 00000001 00000001 00000000 00000000 00000000 00000000 00000000 00000001 00000000 00000000 00000000 000001F0 00000000 00000010
00000007 D9D00003 00000000 00000000 00000001 00000001 00000000 00000000 00000000 00000000 00000000 00000001 00000000 00000000 00000000 000001EC 00000000 00000010
00000008 DFD00002 00000000 00000000 00000001 00000001 00000000 00000000 00000000 00000000 00000000 00000001 00000000 00000000 00000000 000001EC 00000000 00000010
00000009 D4D00001 00000000 00000000 00000001 00000001 00000000 00000000 00000000 00000000 00000000 00000001 00000000 00000000 00000000 000001EC 00000000 00000010
0000000A D3D00000 00000000 00000000 00000001 00000001 00000000 00000000 00000000 00000000 00000000 00000001 00000000 00000000 00000000 000001EC 00000000 00000010
0000000B 7040001B 00000000 00000000 00000001 00000001 00000000 00000000 00000000 00000000 00000000 00000001 00000000 00000000 00000000 000001EC 00000000 00000010
0000001B 02000001 00000000 00000000 00000001 00000001 00000000 00000000 00000000 00000000 00000000 00000001 00000000 00000000 00000000 000001EC 00000000 00000010
0000001C B0000014 00000000 00000000 00000001 00000001 00000000 00000000 00000000 00000000 00000000 00000001 00000000 00000000 00000000 000001EC 00000000 00000010
00000014 C3D00000 00000000 00000000 00000001 00000001 00000000 00000000 00000000 00000000 00000000 00000001 00000000 00000000 00000000 000001EC 00000000 0000001D
00000015 C4D00001 00000000 00000000 00000001 00000001 00000000 00000000 00000000 00000000 00000000 00000001 00000000 00000000 00000000 000001EC 00000000 0000001D
00000016 CFD00002 00000000 00000000 00000001 00000001 00000000 00000000 00000000 00000000 00000000 00000001 00000000 00000000 00000000 000001EC 00000000 0000001D
00000017 C9D00003 00000000 00000000 00000001 00000001 00000000 00000000 00000000 00000000 00000000 00000001 00000000 00000000 00000000 000001EC 00000000 00000010
00000018 0DD00004 00000000 00000000 00000001 00000001 00000000 00000000 00000000 00000000 00000000 00000001 00000000 00000000 00000000 000001EC 00000000 00000010
00000019 D2000102 00000000 00000000 00000001 00000001 00000000 00000000 00000000 00000000 00000000 00000001 00000000 00000000 00000000 000001F0 00000000 00000010
0000001A EF000000 00000000 00000000 00000001 00000001 00000000 00000000 00000000 00000000 00000000 00000001 00000000 00000000 00000000 000001F0 00000000 00000010
00000010 09200000 00000000 00000000 00000001 00000001 00000000 00000000 00000000 00000000 00000000 00000001 00000000 00000000 00000000 000001F0 00000000 00000010
00000011 04400001 00000000 00000000 00000001 00000001 00000000 00000000 00000000 00000000 00000000 00000001 00000000 00000000 00000000 000001F0 00000000 00000010
00000012 B0000006 00000000 00000000 00000001 00000001 00000001 00000000 00000000 00000000 00000000 00000001 00000000 00000000 00000000 000001F0 00000000 00000010
00000006 1DD00004 00000000 00000000 00000001 00000001 00000001 00000000 00000000 00000000 00000000 00000001 00000000 00000000 00000000 000001F0 00000000 00000013
00000007 D9D00003 00000000 00000000 00000001 00000001 00000001 00000000 00000000 00000000 00000000 00000001 00000000 00000000 00000000 000001EC 00000000 00000013
00000008 DFD00002 00000000 00000000 00000001 00000001 00000001 00000000 00000000 00000000 00000000 00000001 00000000 00000000 00000000 000001EC 00000000 00000013
00000009 D4D00001 00000000 00000000 00000001 00000001 00000001 00000000 00000000 00000000 00000000 00000001 00000000 00000000 00000000 000001EC 00000000 00000013
0000000A D3D00000 00000000 00000000 00000001 00000001 00000001 00000000 00000000 00000000 00000000 00000001 00000000 00000000 00000000 000001EC 00000000 00000013
0000000B 7040001B 00000000 00000000 00000001 00000001 00000001 00000000 00000000 00000000 00000000 00000001 00000000 00000000 00000000 000001EC 00000000 00000013
0000000C 7034001B 00000000 00000000 00000001 00000001 00000001 00000000 00000000 00000000 00000000 00000001 00000000 00000000 00000000 000001EC 00000000 00000013
0000001B 02000001 00000000 00000000 00000001 00000001 00000001 00000000 00000000 00000000 00000000 00000001 00000000 00000000 00000000 000001EC 00000000 00000013
0000001C B0000014 00000000 00000000 00000001 00000001 00000001 00000000 00000000 00000000 00000000 00000001 00000000 00000000 00000000 000001EC 00000000 00000013
00000014 C3D00000 00000000 00000000 00000001 00000001 00000001 00000000 00000000 00000000 00000000 00000001 00000000 00000000 00000000 000001EC 00000000 0000001D
00000015 C4D00001 00000000 00000000 00000001 00000001 00000001 00000000 00000000 00000000 00000000 00000001 00000000 00000000 00000000 000001EC 00000000 0000001D
00000016 CFD00002 00000000 00000000 00000001 00000001 00000001 00000000 00000000 00000000 00000000 00000001 00000000 00000000 00000000 000001EC 00000000 0000001D
00000017 C9D00003 00000000 00000000 00000001 00000001 00000001 00000000 00000000 00000000 00000000 00000001 00000000 00000000 00000000 000001EC 00000000 00000013
00000018 0DD00004 00000000 00000000 00000001 00000001 00000001 00000000 00000000 00000000 00000000 00000001 00000000 00000000 00000000 000001EC 00000000 00000013
00000019 D2000102 00000000 00000000 00000001 00000001 00000001 00000000 00000000 00000000 00000000 00000001 00000000 00000000 00000000 000001F0 00000000 00000013
0000001A EF000000 00000000 00000000 00000001 00000001 00000001 00000000 00000000 00000000 00000000 00000001 00000000 00000000 00000000 000001F0 00000000 00000013
00000013 02290000 00000000 00000000 00000001 00000001 00000001 00000000 00000000 00000000 00000000 00000001 00000000 00000000 00000000 000001F0 00000000 00000013
00000014 C3D00000 00000000 00000000 00000002 00000001 00000001 00000000 00000000 00000000 00000000 00000001 00000000 00000000 00000000 000001F0 00000000 00000013
00000015 C4D00001 00000000 00000000 00000002 00000002 00000001 00000000 00000000 00000000 00000000 00000001 00000000 00000000 00000000 000001F0 00000000 00000013
00000016 CFD00002 00000000 00000000 00000002 00000002 00000001 00000000 00000000 00000000 00000000 00000001 00000000 00000000 00000000 000001F0 00000000 00000013
00000017 C9D00003 00000000 00000000 00000002 00000002 00000001 00000000 00000000 00000000 00000000 00000001 00000000 00000000 00000000 000001F0 00000000 00000013
00000018 0DD00004 00000000 00000000 00000002 00000002 00000001 00000000 00000000 00000000 00000000 00000001 00000000 00000000 00000000 000001F0 00000000 00000013
00000019 D2000102 00000000 00000000 00000002 00000002 00000001 00000000 00000000 00000000 00000000 00000001 00000000 00000000 00000000 000001F4 00000000 00000013
0000001A EF000000 00000000 00000000 00000002 00000002 00000001 00000000 00000000 00000000 00000000 00000001 00000000 00000000 00000000 000001F4 00000000 00000013
00000013 02290000 00000000 00000000 00000002 00000002 00000001 00000000 00000000 00000000 00000000 00000001 00000000 00000000 00000000 000001F4 00000000 00000013
00000014 C3D00000 00000000 00000000 00000003 00000002 00000001 00000000 00000000 00000000 00000000 00000001 00000000 00000000 00000000 000001F4 00000000 00000013
00000015 C4D00001 00000000 00000000 00000003 00000003 00000001 00000000 00000000 00000000 00000000 00000001 00000000 00000000 00000000 000001F4 00000000 00000013
00000016 CFD00002 00000000 00000000 00000003 00000003 00000001 00000000 00000000 00000000 00000000 00000001 00000000 00000000 00000000 000001F4 00000000 00000013
00000017 C9D00003 00000000 00000000 00000003 00000003 00000001 00000000 00000000 00000000 00000000 00000001 00000000 00000000 00000000 000001F4 00000000 00000010
00000018 0DD00004 00000000 00000000 00000003 00000003 00000001 00000000 00000000 00000000 00000000 00000004 00000000 00000000 00000000 000001F4 00000000 00000010
00000019 D2000102 00000000 00000000 00000003 00000003 00000001 00000000 00000000 00000000 00000000 00000004 00000000 00000000 00000000 000001F8 00000000 00000010
0000001A EF000000 00000000 00000000 00000003 00000003 00000001 00000000 00000000 00000000 00000000 00000004 00000000 00000000 00000000 000001F8 00000000 00000010
00000010 09200000 00000000 00000000 00000003 00000003 00000001 00000000 00000000 00000000 00000000 00000004 00000000 00000000 00000000 000001F8 00000000 00000010
00000011 04400001 00000000 00000000 00000003 00000003 00000001 00000000 00000000 00000000 00000000 00000003 00000000 00000000 00000000 000001F8 00000000 00000010
00000012 B0000006 00000000 00000000 00000003 00000003 00000002 00000000 00000000 00000000 00000000 00000003 00000000 00000000 00000000 000001F8 00000000 00000010
00000006 1DD00004 00000000 00000000 00000003 00000003 00000002 00000000 00000000 00000000 00000000 00000003 00000000 00000000 00000000 000001F8 00000000 00000013
00000007 D9D00003 00000000 00000000 00000003 00000003 00000002 00000000 00000000 00000000 00000000 00000003 00000000 00000000 00000000 000001F4 00000000 00000013
00000008 DFD00002 00000000 00000000 00000003 00000003 00000002 00000000 00000000 00000000 00000000 00000003 00000000 00000000 00000000 000001F4 00000000 00000013
00000009 D4D00001 00000000 00000000 00000003 00000003 00000002 00000000 00000000 00000000 00000000 00000003 00000000 00000000 00000000 000001F4 00000000 00000013
0000000A D3D00000 00000000 00000000 00000003 00000003 00000002 00000000 00000000 00000000 00000000 00000003 00000000 00000000 00000000 000001F4 00000000 00000013
0000000B 7040001B 00000000 00000000 00000003 00000003 00000002 00000000 00000000 00000000 00000000 00000003 00000000 00000000 00000000 000001F4 00000000 00000013
0000000C 7034001B 00000000 00000000 00000003 00000003 00000002 00000000 00000000 00000000 00000000 00000003 00000000 00000000 00000000 000001F4 00000000 00000013
0000000D 13300001 00000000 00000000 00000003 00000003 00000002 00000000 00000000 00000000 00000000 00000003 00000000 00000000 00000000 000001F4 00000000 00000013
0000000E 14400001 00000000 00000000 00000003 00000002 00000002 00000000 00000000 00000000 00000000 00000003 00000000 00000000 00000000 000001F4 00000000 00000013
0000000F B0000006 00000000 00000000 00000003 00000002 00000001 00000000 00000000 00000000 00000000 00000003 00000000 00000000 00000000 000001F4 00000000 00000013
00000006 1DD00004 00000000 00000000 00000003 00000002 00000001 00000000 00000000 00000000 00000000 00000003 00000000 00000000 00000000 000001F4 00000000 00000010
00000007 D9D00003 00000000 00000000 00000003 00000002 00000001 00000000 00000000 00000000 00000000 00000003 00000000 00000000 00000000 000001F0 00000000 00000010
00000008 DFD00002 00000000 00000000 00000003 00000002 00000001 00000000 00000000 00000000 00000000 00000003 00000000 00000000 00000000 000001F0 00000000 00000010
00000009 D4D00001 00000000 00000000 00000003 00000002 00000001 00000000 00000000 00000000 00000000 00000003 00000000 00000000 00000000 000001F0 00000000 00000010
0000000A D3D00000 00000000 00000000 00000003 00000002 00000001 00000000 00000000 00000000 00000000 00000003 00000000 00000000 00000000 000001F0 00000000 00000010
0000000B 7040001B 00000000 00000000 00000003 00000002 00000001 00000000 00000000 00000000 00000000 00000003 00000000 00000000 00000000 000001F0 00000000 00000010
0000000C 7034001B 00000000 00000000 00000003 00000002 00000001 00000000 00000000 00000000 00000000 00000003 00000000 00000000 00000000 000001F0 00000000 00000010
0000000D 13300001 00000000 00000000 00000003 00000002 00000001 00000000 00000000 00000000 00000000 00000003 00000000 00000000 00000000 000001F0 00000000 00000010
0000000E 14400001 00000000 00000000 00000003 00000001 00000001 00000000 00000000 00000000 00000000 00000003 00000000 00000000 00000000 000001F0 00000000 00000010
0000000F B0000006 00000000 00000000 00000003 00000001 00000000 00000000 00000000 00000000 00000000 00000003 00000000 00000000 00000000 000001F0 00000000 00000010
00000006 1DD00004 00000000 00000000 00000003 00000001 00000000 00000000 00000000 00000000 00000000 00000003 00000000 00000000 00000000 000001F0 00000000 00000010
00000007 D9D00003 00000000 00000000 00000003 00000001 00000000 00000000 00000000 00000000 00000000 00000003 00000000 00000000 00000000 000001EC 00000000 00000010
00000008 DFD00002 00000000 00000000 00000003 00000001 00000000 00000000 00000000 00000000 00000000 00000003 00000000 00000000 00000000 000001EC 00000000 00000010
00000009 D4D00001 00000000 00000000 00000003 00000001 00000000 00000000 00000000 00000000 00000000 00000003 00000000 00000000 00000000 000001EC 00000000 00000010
0000000A D3D00000 00000000 00000000 00000003 00000001 00000000 00000000 00000000 00000000 00000000 00000003 00000000 00000000 00000000 000001EC 00000000 00000010
0000000B 7040001B 00000000 00000000 00000003 00000001 00000000 00000000 00000000 00000000 00000000 00000003 00000000 00000000 00000000 000001EC 00000000 00000010
0000001B 02000001 00000000 00000000 00000003 00000001 00000000 00000000 00000000 00000000 00000000 00000003 00000000 00000000 00000000 000001EC 00000000 00000010
0000001C B0000014 00000000 00000000 00000001 00000001 00000000 00000000 00000000 00000000 00000000 00000003 00000000 00000000 00000000 000001EC 00000000 00000010
00000014 C3D00000 00000000 00000000 00000001 00000001 00000000 00000000 00000000 00000000 00000000 00000003 00000000 00000000 00000000 000001EC 00000000 0000001D
00000015 C4D00001 00000000 00000000 00000001 00000001 00000000 00000000 00000000 00000000 00000000 00000003 00000000 00000000 00000000 000001EC 00000000 0000001D
00000016 CFD00002 00000000 00000000 00000001 00000001 00000000 00000000 00000000 00000000 00000000 00000003 00000000 00000000 00000000 000001EC 00000000 0000001D
00000017 C9D00003 00000000 00000000 00000001 00000001 00000000 00000000 00000000 00000000 00000000 00000003 00000000 00000000 00000000 000001EC 00000000 00000010
00000018 0DD00004 00000000 00000000 00000001 00000001 00000000 00000000 00000000 00000000 00000000 00000003 00000000 00000000 00000000 000001EC 00000000 00000010
00000019 D2000102 00000000 00000000 00000001 00000001 00000000 00000000 00000000 00000000 00000000 00000003 00000000 00000000 00000000 000001F0 00000000 00000010
0000001A EF000000 00000000 00000000 00000001 00000001 00000000 00000000 00000000 00000000 00000000 00000003 00000000 00000000 00000000 000001F0 00000000 00000010
00000010 09200000 00000000 00000000 00000001 00000001 00000000 00000000 00000000 00000000 00000000 00000003 00000000 00000000 00000000 000001F0 00000000 00000010
00000011 04400001 00000000 00000000 00000001 00000001 00000000 00000000 00000000 00000000 00000000 00000001 00000000 00000000 00000000 000001F0 00000000 00000010
00000012 B0000006 00000000 00000000 00000001 00000001 00000001 00000000 00000000 00000000 00000000 00000001 00000000 00000000 00000000 000001F0 00000000 00000010
00000006 1DD00004 00000000 00000000 00000001 00000001 00000001 00000000 00000000 00000000 00000000 00000001 00000000 00000000 00000000 000001F0 00000000 00000013
00000007 D9D00003 00000000 00000000 00000001 00000001 00000001 00000000 00000000 00000000 00000000 00000001 00000000 00000000 00000000 000001EC 00000000 00000013
00000008 DFD00002 00000000 00000000 00000001 00000001 00000001 00000000 00000000 00000000 00000000 00000001 00000000 00000000 00000000 000001EC 00000000 00000013
00000009 D4D00001 00000000 00000000 00000001 00000001 00000001 00000000 00000000 00000000 00000000 00000001 00000000 00000000 00000000 000001EC 00000000 00000013
0000000A D3D00000 00000000 00000000 00000001 00000001 00000001 00000000 00000000 00000000 00000000 00000001 00000000 00000000 00000000 000001EC 00000000 00000013
0000000B 7040001B 00000000 00000000 00000001 00000001 00000001 00000000 00000000 00000000 00000000 00000001 00000000 00000000 00000000 000001EC 00000000 00000013
0000000C 7034001B 00000000 00000000 00000001 00000001 00000001 00000000 00000000 00000000 00000000 00000001 00000000 00000000 00000000 000001EC 00000000 00000013
0000001B 02000001 00000000 00000000 00000001 00000001 00000001 00000000 00000000 00000000 00000000 00000001 00000000 00000000 00000000 000001EC 00000000 00000013
0000001C B0000014 00000000 00000000 00000001 00000001 00000001 00000000 00000000 00000000 00000000 00000001 00000000 00000000 00000000 000001EC 00000000 00000013
00000014 C3D00000 00000000 00000000 00000001 00000001 00000001 00000000 00000000 00000000 00000000 00000001 00000000 00000000 00000000 000001EC 00000000 0000001D
00000015 C4D00001 00000000 00000000 00000001 00000001 00000001 00000000 00000000 00000000 00000000 00000001 00000000 00000000 00000000 000001EC 00000000 0000001D
00000016 CFD00002 00000000 00000000 00000001 00000001 00000001 00000000 00000000 00000000 00000000 00000001 00000000 00000000 00000000 000001EC 00000000 0000001D
00000017 C9D00003 00000000 00000000 00000001 00000001 00000001 00000000 00000000 00000000 00000000 00000001 00000000 00000000 00000000 000001EC 00000000 00000013
00000018 0DD00004 00000000 00000000 00000001 00000001 00000001 00000000 00000000 00000000 00000000 00000001 00000000 00000000 00000000 000001EC 00000000 00000013
00000019 D2000102 00000000 00000000 00000001 00000001 00000001 00000000 00000000 00000000 00000000 00000001 00000000 00000000 00000000 000001F0 00000000 00000013
0000001A EF000000 00000000 00000000 00000001 00000001 00000001 00000000 00000000 00000000 00000000 00000001 00000000 00000000 00000000 000001F0 00000000 00000013
00000013 02290000 00000000 00000000 00000001 00000001 00000001 00000000 00000000 00000000 00000000 00000001 00000000 00000000 00000000 000001F0 00000000 00000013
00000014 C3D00000 00000000 00000000 00000002 00000001 00000001 00000000 00000000 00000000 00000000 00000001 00000000 00000000 00000000 000001F0 00000000 00000013
00000015 C4D00001 00000000 00000000 00000002 00000002 00000001 00000000 00000000 00000000 00000000 00000001 00000000 00000000 00000000 000001F0 00000000 00000013
00000016 CFD00002 00000000 00000000 00000002 00000002 00000001 00000000 00000000 00000000 00000000 00000001 00000000 00000000 00000000 000001F0 00000000 00000013
00000017 C9D00003 00000000 00000000 00000002 00000002 00000001 00000000 00000000 00000000 00000000 00000001 00000000 00000000 00000000 000001F0 00000000 00000010
00000018 0DD00004 00000000 00000000 00000002 00000002 00000001 00000000 00000000 00000000 00000000 00000003 00000000 00000000 00000000 000001F0 00000000 00000010
00000019 D2000102 00000000 00000000 00000002 00000002 00000001 00000000 00000000 00000000 00000000 00000003 00000000 00000000 00000000 000001F4 00000000 00000010
0000001A EF000000 00000000 00000000 00000002 00000002 00000001 00000000 00000000 00000000 00000000 00000003 00000000 00000000 00000000 000001F4 00000000 00000010
00000010 09200000 00000000 00000000 00000002 00000002 00000001 00000000 00000000 00000000 00000000 00000003 00000000 00000000 00000000 000001F4 00000000 00000010
00000011 04400001 00000000 00000000 00000002 00000002 00000001 00000000 00000000 00000000 00000000 00000002 00000000 00000000 00000000 000001F4 00000000 00000010
00000012 B0000006 00000000 00000000 00000002 00000002 00000002 00000000 00000000 00000000 00000000 00000002 00000000 00000000 00000000 000001F4 00000000 00000010
00000006 1DD00004 00000000 00000000 00000002 00000002 00000002 00000000 00000000 00000000 00000000 00000002 00000000 00000000 00000000 000001F4 00000000 00000013
00000007 D9D00003 00000000 00000000 00000002 00000002 00000002 00000000 00000000 00000000 00000000 00000002 00000000 00000000 00000000 000001F0 00000000 00000013
00000008 DFD00002 00000000 00000000 00000002 00000002 00000002 00000000 00000000 00000000 00000000 00000002 00000000 00000000 00000000 000001F0 00000000 00000013
00000009 D4D00001 00000000 00000000 00000002 00000002 00000002 00000000 00000000 00000000 00000000 00000002 00000000 00000000 00000000 000001F0 00000000 00000013
0000000A D3D00000 00000000 00000000 00000002 00000002 00000002 00000000 00000000 00000000 00000000 00000002 00000000 00000000 00000000 000001F0 00000000 00000013
0000000B 7040001B 00000000 00000000 00000002 00000002 00000002 00000000 00000000 00000000 00000000 00000002 00000000 00000000 00000000 000001F0 00000000 00000013
0000000C 7034001B 00000000 00000000 00000002 00000002 00000002 00000000 00000000 00000000 00000000 00000002 00000000 00000000 00000000 000001F0 00000000 00000013
0000001B 02000001 00000000 00000000 00000002 00000002 00000002 00000000 00000000 00000000 00000000 00000002 00000000 00000000 00000000 000001F0 00000000 00000013
0000001C B0000014 00000000 00000000 00000001 00000002 00000002 00000000 00000000 00000000 00000000 00000002 00000000 00000000 00000000 000001F0 00000000 00000013
00000014 C3D00000 00000000 00000000 00000001 00000002 00000002 00000000 00000000 00000000 00000000 00000002 00000000 00000000 00000000 000001F0 00000000 0000001D
00000015 C4D00001 00000000 00000000 00000001 00000002 00000002 00000000 00000000 00000000 00000000 00000002 00000000 00000000 00000000 000001F0 00000000 0000001D
00000016 CFD00002 00000000 00000000 00000001 00000002 00000002 00000000 00000000 00000000 00000000 00000002 00000000 00000000 00000000 000001F0 00000000 0000001D
00000017 C9D00003 00000000 00000000 00000001 00000002 00000002 00000000 00000000 00000000 00000000 00000002 00000000 00000000 00000000 000001F0 00000000 00000013
00000018 0DD00004 00000000 00000000 00000001 00000002 00000002 00000000 00000000 00000000 00000000 00000002 00000000 00000000 00000000 000001F0 00000000 00000013
00000019 D2000102 00000000 00000000 00000001 00000002 00000002 00000000 00000000 00000000 00000000 00000002 00000000 00000000 00000000 000001F4 00000000 00000013
0000001A EF000000 00000000 00000000 00000001 00000002 00000002 00000000 00000000 00000000 00000000 00000002 00000000 00000000 00000000 000001F4 00000000 00000013
00000013 02290000 00000000 00000000 00000001 00000002 00000002 00000000 00000000 00000000 00000000 00000002 00000000 00000000 00000000 000001F4 00000000 00000013
00000014 C3D00000 00000000 00000000 00000003 00000002 00000002 00000000 00000000 00000000 00000000 00000002 00000000 00000000 00000000 000001F4 00000000 00000013
00000015 C4D00001 00000000 00000000 00000003 00000003 00000002 00000000 00000000 00000000 00000000 00000002 00000000 00000000 00000000 000001F4 00000000 00000013
00000016 CFD00002 00000000 00000000 00000003 00000003 00000002 00000000 00000000 00000000 00000000 00000002 00000000 00000000 00000000 000001F4 00000000 00000013
00000017 C9D00003 00000000 00000000 00000003 00000003 00000002 00000000 00000000 00000000 00000000 00000002 00000000 00000000 00000000 000001F4 00000000 00000013
00000018 0DD00004 00000000 00000000 00000003 00000003 00000002 00000000 00000000 00000000 00000000 00000003 00000000 00000000 00000000 000001F4 00000000 00000013
00000019 D2000102 00000000 00000000 00000003 00000003 00000002 00000000 00000000 00000000 00000000 00000003 00000000 00000000 00000000 000001F8 00000000 00000013
0000001A EF000000 00000000 00000000 00000003 00000003 00000002 00000000 00000000 00000000 00000000 00000003 00000000 00000000 00000000 000001F8 00000000 00000013
00000013 02290000 00000000 00000000 00000003 00000003 00000002 00000000 00000000 00000000 00000000 00000003 00000000 00000000 00000000 000001F8 00000000 00000013
00000014 C3D00000 00000000 00000000 00000006 00000003 00000002 00000000 00000000 00000000 00000000 00000003 00000000 00000000 00000000 000001F8 00000000 00000013
00000015 C4D00001 00000000 00000000 00000006 00000004 00000002 00000000 00000000 00000000 00000000 00000003 00000000 00000000 00000000 000001F8 00000000 00000013
00000016 CFD00002 00000000 00000000 00000006 00000004 00000002 00000000 00000000 00000000 00000000 00000003 00000000 00000000 00000000 000001F8 00000000 00000013
00000017 C9D00003 00000000 00000000 00000006 00000004 00000002 00000000 00000000 00000000 00000000 00000003 00000000 00000000 00000000 000001F8 00000000 00000013
00000018 0DD00004 00000000 00000000 00000006 00000004 00000002 00000000 00000000 00000000 00000000 00000004 00000000 00000000 00000000 000001F8 00000000 00000013
00000019 D2000102 00000000 00000000 00000006 00000004 00000002 00000000 00000000 00000000 00000000 00000004 00000000 00000000 00000000 000001FC 00000000 00000013
0000001A EF000000 00000000 00000000 00000006 00000004 00000002 00000000 00000000 00000000 00000000 00000004 00000000 00000000 00000000 000001FC 00000000 00000013
00000013 02290000 00000000 00000000 00000006 00000004 00000002 00000000 00000000 00000000 00000000 00000004 00000000 00000000 00000000 000001FC 00000000 00000013
00000014 C3D00000 00000000 00000000 0000000A 00000004 00000002 00000000 00000000 00000000 00000000 00000004 00000000 00000000 00000000 000001FC 00000000 00000013
00000015 C4D00001 00000000 00000000 0000000A 00000005 00000002 00000000 00000000 00000000 00000000 00000004 00000000 00000000 00000000 000001FC 00000000 00000013
00000016 CFD00002 00000000 00000000 0000000A 00000005 00000002 00000000 00000000 00000000 00000000 00000004 00000000 00000000 00000000 000001FC 00000000 00000013
00000017 C9D00003 00000000 00000000 0000000A 00000005 00000002 00000000 00000000 00000000 00000000 00000004 00000000 00000000 00000000 000001FC 00000000 00000004
00000018 0DD00004 00000000 00000000 0000000A 00000005 00000002 00000000 00000000 00000000 00000000 00000000 00000000 00000000 00000000 000001FC 00000000 00000004
00000019 D2000102 00000000 00000000 0000000A 00000005 00000002 00000000 00000000 00000000 00000000 00000000 00000000 00000000 00000000 00000200 00000000 00000004
0000001A EF000000 00000000 00000000 0000000A 00000005 00000002 00000000 00000000 00000000 00000000 00000000 00000000 00000000 00000000 00000200 00000000 00000004
00000004 D2000102 00000000 00000000 0000000A 00000005 00000002 00000000 00000000 00000000 00000000 00000000 00000000 00000000 00000000 00000200 00000000 00000004
00000005 F0000000 00000000 00000000 0000000A 00000005 00000002 00000000 00000000 00000000 00000000 00000000 00000000 00000000 00000000 00000200 00000000 00000004
